12500000.000000 99710087162755.406000 
99710099662755.406000 98800108291350.406000 
198510207954105.810000 97898510369385.094000 
296408718323490.870000 97005215652086.266000 
393413933975577.120000 96120147120118.766000 
489534081095695.870000 95243228472782.969000 
584777309568478.870000 94374384121276.297000 
679151693689755.120000 93513539182018.203000 
772665232871773.370000 92660619470037.953000 
865325852341811.370000 91815551492424.719000 
957141403834236.120000 90978262441839.375000 
1048119666276075.500000 90148680190087.281000 
1138268346466162.700000 89326733281751.641000 
1227595079747914.500000 88512350927886.797000 
1316107430675801.200000 87705462999770.922000 
1403812893675572.200000 86906000022717.406000 
1490718893698289.700000 86113893169944.703000 
1576832786868234.500000 85329074256503.672000 
1662161861124738.200000 84551475733262.187000 
1746713336858000.500000 83781030680946.391000 
1830494367538947.000000 83017672804237.906000 
1913512040343185.000000 82261336425926.812000 
1995773376769111.700000 81511956481119.422000 
2077285333250231.200000 80769468511500.703000 
2158054801761732.000000 80033808659650.719000 
2238088610421382.700000 79304913663414.406000 
2317393524084797.000000 78582720850324.516000 
2395976244935121.500000 77867168132076.953000 
2473843413067198.500000 77158193999058.016000 
2551001607066256.500000 76455737514923.250000 
2627457344581180.000000 75759738311227.328000 
2703217082892407.500000 75070136582104.250000 
2778287219474512.000000 74386873078997.891000 
2852674092553510.000000 73709889105441.891000 
2926383981658952.000000 73039126511888.734000 
2999423108170840.500000 72374527690587.484000 
3071797635861428.000000 71716035570509.656000 
3143513671431937.500000 71063593612322.906000 
3214577265044260.500000 70417145803411.906000 
3284994410847672.500000 69776636652946.070000 
3354771047500618.500000 69142011186993.719000 
3423913058687612.000000 68513214943682.172000 
3492426273631294.000000 67890193968403.273000 
3560316467599697.500000 67272894809064.203000 
3627589362408761.500000 66661264511382.742000 
3694250626920144.000000 66055250614226.898000 
3760305877534371.000000 65454801144998.344000 
3825760678679369.500000 64859864615059.195000 
3890620543294428.500000 64270390015201.914000 
3954890933309630.500000 63686326811161.648000 
4018577260120792.000000 63107624939170.906000 
4081684885059963.000000 62534234801555.961000 
4144219119861519.000000 61966107262374.648000 
4206185227123893.500000 61403193643095.141000 
4267588420766988.500000 60845445718315.492000 
4328433866485304.000000 60292815711523.227000 
4388726682196827.000000 59745256290894.898000 
4448471938487722.000000 59202720565135.141000 
4507674659052857.000000 58665162079354.758000 
4566339821132212.000000 58132534810987.617000 
4624472355943200.000000 57604793165745.898000 
4682077149108946.000000 57081891973613.328000 
4739159041082559.000000 56563786484876.156000 
4795722827567435.000000 56050432366191.250000 
4851773259933626.000000 55541785696691.398000 
4907315045630317.000000 55037802964126.992000 
4962352848594444.000000 54538441061044.039000 
5016891289655488.000000 54043657280998.109000 
5070934946936486.000000 53553409314803.859000 
5124488356251290.000000 53067655246819.680000 
5177556011498110.000000 52586353551267.445000 
5230142365049377.000000 52109463088586.680000 
5282251828137964.000000 51636943101823.008000 
5333888771239787.000000 51168753213050.594000 
5385057524452838.000000 50704853419828.109000 
5435762377872666.000000 50245204091688.023000 
5486007581964354.000000 49789765966658.906000 
5535797347931013.000000 49338500147820.312000 
5585135848078833.000000 48891368099890.102000 
5634027216178723.000000 48448331645843.758000 
5682475547824567.000000 48009352963565.516000 
5730484900788133.000000 47574394582530.852000 
5778059295370664.000000 47143419380520.211000 
5825202714751184.000000 46716390580363.562000 
5871919105331548.000000 46293271746715.492000 
5918212377078263.000000 45874026782860.633000 
5964086403861124.000000 45458619927549.047000 
6009545023788673.000000 45047015751861.367000 
6054592039540534.000000 44639179156103.305000 
6099231218696637.000000 44235075366729.359000 
6143466294063366.000000 43834669933295.406000 
6187300963996661.000000 43437928725439.859000 
6230738892722101.000000 43044817929893.242000 
6273783710651994.000000 42655304047515.734000 
6316439014699510.000000 42269353890362.594000 
6358708368589873.000000 41886934578777.117000 
6400595303168650.000000 41508013538510.867000 
6442103316707161.000000 41132558497870.883000 
6483235875205032.000000 40760537484893.797000 
6523996412689926.000000 40391918824546.336000 
6564388331514472.000000 40026671135952.156000 
6604415002650424.000000 39664763329644.703000 
6644079765980069.000000 39306164604845.805000 
6683385930584915.000000 38950844446769.867000 
6722336775031685.000000 38598772623953.328000 
6760935547655638.000000 38249919185609.148000 
6799185466841247.000000 37904254459006.172000 
6837089721300253.000000 37561749046873.016000 
6874651470347126.000000 37222373824826.375000 
6911873844171952.000000 36886099938823.406000 
6948759944110775.000000 36552898802638.023000 
6985312842913413.000000 36222742095360.891000 
7021535585008774.000000 35895601758922.812000 
7057431186767697.000000 35571449995641.391000 
7093002636763338.000000 35250259265790.703000 
7128252896029129.000000 34932002285193.766000 
7163184898314323.000000 34616652022837.527000 
7197801550337161.000000 34304181698510.309000 
7232105732035671.000000 33994564780461.352000 
7266100296816132.000000 33687774983082.281000 
7299788071799214.000000 33383786264610.418000 
7333171858063824.000000 33082572824853.504000 
7366254430888678.000000 32784109102935.852000 
7399038539991614.000000 32488369775065.555000 
7431526909766680.000000 32195329752322.695000 
7463722239519003.000000 31904964178468.230000 
7495627203697471.000000 31617248427773.484000 
7527244452125244.000000 31332158102869.914000 
7558576610228114.000000 31049669032619.090000 
7589626279260733.000000 30769757270002.617000 
7620396036530736.000000 30492399090031.824000 
7650888435620768.000000 30217570987677.078000 
7681106006608445.000000 29945249675816.480000 
7711051256284261.000000 29675412083203.785000 
7740726668367465.000000 29408035352455.383000 
7770134703719920.000000 29143096838056.133000 
7799277800557976.000000 28880574104383.883000 
7828158374662360.000000 28620444923752.512000 
7856778819586113.000000 28362687274473.305000 
7885141506860586.000000 28107279338934.473000 
7913248786199520.000000 27854199501698.699000 
7941102985701219.000000 27603426347618.488000 
7968706412048837.000000 27354938659969.187000 
7996061350708806.000000 27108715418599.477000 
8023170066127405.000000 26864735798099.199000 
8050034801925504.000000 26622979165984.367000 
8076657781091488.000000 26383425080899.121000 
8103041206172387.000000 26146053290834.609000 
8129187259463222.000000 25910843731364.473000 
8155098103194586.000000 25677776523896.898000 
8180775879718483.000000 25446831973943.043000 
8206222711692426.000000 25217990569401.633000 
8231440702261828.000000 24991232978859.707000 
8256431935240688.000000 24766540049909.187000 
8281198475290597.000000 24543892807479.273000 
8305742368098076.000000 24323272452184.414000 
8330065640550260.000000 24104660358687.773000 
8354170300908948.000000 23888038074079.996000 
8378058338983028.000000 23673387316273.184000 
8401731726299301.000000 23460689972409.879000 
8425192416271711.000000 23249928097286.945000 
8448442344368998.000000 23041083911794.230000 
8471483428280792.000000 22834139801367.793000 
8494317568082160.000000 22629078314457.672000 
8516946646396618.000000 22425882161009.949000 
8539372528557628.000000 22224534210963.031000 
8561597062768591.000000 22025017492758.031000 
8583622080261349.000000 21827315191863.043000 
8605449395453212.000000 21631410649311.281000 
8627080806102523.000000 21437287360252.848000 
8648518093462776.000000 21244928972520.105000 
8669763022435296.000000 21054319285206.430000 
8690817341720502.000000 20865442247258.270000 
8711682783967760.000000 20678281956080.418000 
8732361065923840.000000 20492822656154.281000 
8752853888579994.000000 20309048737669.113000 
8773162937317663.000000 20126944735166.023000 
8793289882052829.000000 19946495326194.707000 
8813236377379024.000000 19767685329982.691000 
8833004062709007.000000 19590499706117.094000 
8852594562415124.000000 19414923553238.668000 
8872009485968363.000000 19240942107748.059000 
8891250428076111.000000 19068540742524.191000 
8910318968818635.000000 18897704965654.613000 
8929216673784290.000000 18728420419177.738000 
8947945094203468.000000 18560672877836.836000 
8966505767081305.000000 18394448247845.680000 
8984900215329151.000000 18229732565665.738000 
9003129947894817.000000 18066511996794.789000 
9021196459891612.000000 17904772834566.867000 
9039101232726178.000000 17744501498963.461000 
9056845734225142.000000 17585684535435.768000 
9074431418760578.000000 17428308613737.996000 
9091859727374316.000000 17272360526771.582000 
9109132087901088.000000 17117827189440.187000 
9126249915090528.000000 16964695637515.404000 
9143214610728044.000000 16812953026513.080000 
9160027563754558.000000 16662586630580.127000 
9176690150385138.000000 16513583841391.752000 
9193203734226530.000000 16365932167058.977000 
9209569666393588.000000 16219619231046.381000 
9225789285624634.000000 16074632771099.943000 
9241863918395734.000000 15930960638184.934000 
9257794879033918.000000 15788590795433.697000 
9273583469829352.000000 15647511317103.285000 
9289230981146456.000000 15507710387542.822000 
9304738691533998.000000 15369176300170.523000 
9320107867834168.000000 15231897456460.277000 
9335339765290628.000000 15095862364937.680000 
9350435627655566.000000 14961059640185.459000 
9365396687295752.000000 14827478001858.189000 
9380224165297610.000000 14695106273706.213000 
9394919271571316.000000 14563933382608.654000 
9409483204953924.000000 14433948357615.518000 
9423917153311540.000000 14305140328998.678000 
9438222293640538.000000 14177498527311.766000 
9452399792167850.000000 14051012282458.824000 
9466450804450308.000000 13925671022771.662000 
9480376475473080.000000 13801464274095.824000 
9494177939747176.000000 13678381658885.102000 
9507856321406062.000000 13556412895304.490000 
9521412734301366.000000 13435547796341.525000 
9534848282097708.000000 13315776268925.926000 
9548164058366634.000000 13197088313057.432000 
9561361146679692.000000 13079474020941.812000 
9574440620700634.000000 12962923576134.930000 
9587403544276768.000000 12847427252694.783000 
9600250971529462.000000 12732975414341.482000 
9612983946943804.000000 12619558513625.055000 
9625603505457430.000000 12507167091101.016000 
9638110672548532.000000 12395791774513.654000 
9650506464323046.000000 12285423277986.912000 
9662791887601032.000000 12176052401222.832000 
9674967940002254.000000 12067670028707.496000 
9687035610030962.000000 11960267128924.332000 
9698995877159886.000000 11853834753574.818000 
9710849711913460.000000 11748364036806.418000 
9722598075950266.000000 11643846194447.727000 
9734241922144714.000000 11540272523250.768000 
9745782194667964.000000 11437634400140.344000 
9757219829068104.000000 11335923281470.393000 
9768555752349574.000000 11235130702287.295000 
9779790883051862.000000 11135248275600.033000 
9790926131327462.000000 11036267691657.168000 
9801962399019120.000000 10938180717230.564000 
9812900579736350.000000 10840979194905.791000 
9823741558931256.000000 10744655042379.133000 
9834486213973636.000000 10649200251761.176000 
9845135414225398.000000 10554606888886.875000 
9855690021114284.000000 10460867092632.053000 
9866150888206916.000000 10367973074236.289000 
9876518861281152.000000 10275917116632.090000 
9886794778397784.000000 10184691573780.359000 
9896979469971564.000000 10094288870012.029000 
9907073758841576.000000 10004701499375.834000 
9917078460340952.000000 9915922024992.185500 
9926994382365944.000000 9827943078413.035200 
9936822325444358.000000 9740757358987.752000 
9946563082803346.000000 9654357633234.865200 
9956217440436580.000000 9568736734219.685500 
9965786177170800.000000 9483887560937.734400 
9975270064731738.000000 9399803077703.894500 
9984669867809442.000000 9316476313547.281200 
9993986344122990.000000 9233900361611.732400 
10003220244484602.000000 9152068378561.894500 
10012372312863164.000000 9070973583994.845700 
10021443286447158.000000 8990609259857.189500 
10030433895707016.000000 8910968749867.593700 
10039344864456884.000000 8832045458944.701200 
10048176909915828.000000 8753832852640.373000 
10056930742768468.000000 8676324456578.206100 
10065607067225046.000000 8599513855897.297900 
10074206581080944.000000 8523394694701.165000 
10082729975775646.000000 8447960675511.828100 
10091177936451158.000000 8373205558728.952100 
10099551142009886.000000 8299123162094.043000 
10107850265171980.000000 8225707360159.624000 
10116075972532140.000000 8152952083763.367200 
10124228924615904.000000 8080851319507.103500 
10132309775935412.000000 8009399109240.707000 
10140319175044652.000000 7938589549550.767600 
10148257764594202.000000 7868416791254.032200 
10156126181385456.000000 7798875038895.559600 
10163925056424352.000000 7729958550251.553700 
10171655014974604.000000 7661661635836.814500 
10179316676610440.000000 7593978658416.786100 
10186910655268856.000000 7526904032524.139600 
10194437559301380.000000 7460432223979.859400 
10201897991525360.000000 7394557749418.785200 
10209292549274778.000000 7329275175819.567400 
10216621824450598.000000 7264579120039.007800 
10223886403570638.000000 7200464248350.720700 
10231086867818988.000000 7136925275988.099600 
10238223793094976.000000 7073956966691.525400 
10245297750061668.000000 7011554132259.796900 
10252309304193928.000000 6949711632105.729500 
10259259015826034.000000 6888424372815.896500 
10266147440198850.000000 6827687307714.456100 
10272975127506564.000000 6767495436431.043900 
10279742622942996.000000 6707843804472.684600 
10286450466747468.000000 6648727502799.680700 
10293099194250268.000000 6590141667405.452100 
10299689335917674.000000 6532081478900.285200 
10306221417396574.000000 6474542162098.945300 
10312695959558672.000000 6417518985612.136700 
10319113478544284.000000 6361007261441.743200 
10325474485805726.000000 6305002344579.860400 
10331779488150306.000000 6249499632611.531200 
10338028987782918.000000 6194494565321.188500 
10344223482348240.000000 6139982624302.755900 
10350363464972542.000000 6085959332573.369100 
10356449424305116.000000 6032420254190.694300 
10362481844559306.000000 5979360993873.803700 
10368461205553180.000000 5926777196627.572300 
10374387982749808.000000 5874664547370.566400 
10380262647297178.000000 5823018770566.397500 
10386085666067744.000000 5771835629858.493200 
10391857501697602.000000 5721110927708.270500 
10397578612625310.000000 5670840505036.668900 
10403249453130346.000000 5621020240869.018600 
10408870473371216.000000 5571646051983.198200 
10414442119423200.000000 5522713892561.081100 
10419964833315762.000000 5474219753843.195300 
10425439053069606.000000 5426159663786.621100 
10430865212733392.000000 5378529686726.043000 
10436243742420118.000000 5331325923037.965800 
10441575068343156.000000 5284544508808.038100 
10446859612851964.000000 5238181615501.483400 
10452097794467466.000000 5192233449636.571300 
10457290027917102.000000 5146696252461.142600 
10462436724169564.000000 5101566299632.127000 
10467538290469196.000000 5056839900898.035200 
10472595130370094.000000 5012513399784.413100 
10477607643769878.000000 4968583173282.200200 
10482576226943160.000000 4925045631538.998000 
10487501272574698.000000 4881897217553.197300 
10492383169792252.000000 4839134406870.942400 
10497222304199122.000000 4796753707285.919900 
10502019057906408.000000 4754751658541.920900 
10506773809564950.000000 4713124832038.177700 
10511486934396988.000000 4671869830537.430700 
10516158804227526.000000 4630983287876.705100 
10520789787515402.000000 4590461868680.766600 
10525380249384082.000000 4550302268078.253900 
10529930551652160.000000 4510501211420.428700 
10534441052863580.000000 4471055454002.542000 
10538912108317582.000000 4431961780787.787100 
10543344070098370.000000 4393217006133.820300 
10547737287104504.000000 4354817973521.805700 
10552092105078026.000000 4316761555287.986800 
10556408866633314.000000 4279044652357.744600 
10560687911285672.000000 4241664193982.119100 
10564929575479654.000000 4204617137476.783700 
10569134192617130.000000 4167900467963.433600 
10573302093085094.000000 4131511198113.577600 
10577433604283208.000000 4095446367894.706100 
10581529050651102.000000 4059703044318.812000 
10585588753695420.000000 4024278321193.246600 
10589613032016614.000000 3989169318873.884300 
10593602201335488.000000 3954373184020.577100 
10597556574519508.000000 3919887089354.877900 
10601476461608862.000000 3885708233420.010700 
10605362169842282.000000 3851833840343.063500 
10609214003682626.000000 3818261159599.392600 
10613032264842226.000000 3784987465779.204100 
10616817252308006.000000 3752010058356.304200 
10620569262366362.000000 3719326261458.993200 
10624288588627820.000000 3686933423643.081100 
10627975522051464.000000 3654828917667.008800 
10631630350969132.000000 3623010140269.055200 
10635253361109402.000000 3591474511946.607400 
10638844835621348.000000 3560219476737.476600 
10642405055098086.000000 3529242502003.243700 
10645934297600090.000000 3498541078214.608400 
10649432838678304.000000 3468112718738.731000 
10652900951397042.000000 3437954959628.543000 
10656338906356670.000000 3408065359414.012700 
10659746971716084.000000 3378441498895.338900 
10663125413214980.000000 3349080980938.068800 
10666474494195918.000000 3319981430270.106900 
10669794475626188.000000 3291140493280.608900 
10673085616119468.000000 3262555837820.737300 
10676348171957288.000000 3234225153006.259300 
10679582397110294.000000 3206146149021.981000 
10682788543259316.000000 3178316556927.984900 
10685966859816244.000000 3150734128467.666000 
10689117593944712.000000 3123396635877.545400 
10692240990580590.000000 3096301871698.844200 
10695337292452288.000000 3069447648590.803700 
10698406740100878.000000 3042831799145.732400 
10701449571900024.000000 3016452175705.765100 
10704466024075730.000000 2990306650181.321300 
10707456330725912.000000 2964393113871.244100 
10710420723839784.000000 2938709477284.598600 
10713359433317068.000000 2913253669964.129400 
10716272686987032.000000 2888023640311.342300 
10719160710627344.000000 2863017355413.212900 
10722023727982758.000000 2838232800870.494100 
10724861960783628.000000 2813667980627.616200 
10727675628764256.000000 2789320916804.157200 
10730464949681060.000000 2765189649527.876500 
10733230139330588.000000 2741272236769.292000 
10735971411567358.000000 2717566754177.786600 
10738688978321536.000000 2694071294919.233900 
10741383049616456.000000 2670783969515.123000 
10744053833585972.000000 2647702905683.174800 
10746701536491656.000000 2624826248179.429200 
10749326362739836.000000 2602152158641.796900 
10751928514898478.000000 2579678815435.055700 
10754508193713914.000000 2557404413497.280300 
10757065598127412.000000 2535327164187.694800 
10759600925291600.000000 2513445295135.928200 
10762114370586736.000000 2491757050092.669400 
10764606127636828.000000 2470260688781.699200 
10767076388325610.000000 2448954486753.290000 
10769525342812364.000000 2427836735238.965800 
10771953179547602.000000 2406905741007.598100 
10774360085288610.000000 2386159826222.838900 
10776746245114832.000000 2365597328301.867200 
10779111842443134.000000 2345216599775.442900 
10781457059042910.000000 2325016008149.253900 
10783782075051060.000000 2304993935766.545400 
10786087068986826.000000 2285148779672.018100 
10788372217766498.000000 2265478951476.984400 
10790637696717974.000000 2245982877225.771500 
10792883679595200.000000 2226658997263.356000 
10795110338592464.000000 2207505766104.227500 
10797317844358568.000000 2188521652302.458500 
10799506366010870.000000 2169705138322.974900 
10801676071149192.000000 2151054720414.020800 
10803827125869606.000000 2132568908480.795200 
10805959694778086.000000 2114246225960.261000 
10808073941004046.000000 2096085209697.107200 
10810170026213744.000000 2078084409820.857700 
10812248110623564.000000 2060242389624.116000 
10814308353013188.000000 2042557725441.933600 
10816350910738630.000000 2025029006532.291500 
10818375939745162.000000 2007654834957.687700 
10820383594580120.000000 1990433825467.815700 
10822374028405588.000000 1973364605383.327600 
10824347393010972.000000 1956445814480.671100 
10826303838825452.000000 1939676104877.985800 
10828243514930330.000000 1923054140922.059100 
10830166569071252.000000 1906578599076.321000 
10832073147670328.000000 1890248167809.872600 
10833963395838138.000000 1874061547487.542200 
10835837457385626.000000 1858017450260.953900 
10837695474835886.000000 1842114599960.599900 
10839537589435846.000000 1826351731988.914300 
10841363941167834.000000 1810727593214.325900 
10843174668761048.000000 1795240941866.296100 
10844969909702914.000000 1779890547431.320100 
10846749800250346.000000 1764675190549.889200 
10848514475440896.000000 1749593662914.405300 
10850264069103810.000000 1734644767168.034200 
10851998713870978.000000 1719827316804.493700 
10853718541187782.000000 1705140136068.766400 
10855423681323850.000000 1690582059858.727100 
10857114263383708.000000 1676151933627.678200 
10858790415317336.000000 1661848613287.783900 
10860452263930624.000000 1647670965114.393800 
10862099934895738.000000 1633617865651.250700 
10863733552761390.000000 1619688201616.571800 
10865353240963006.000000 1605880869809.993400 
10866959121832816.000000 1592194777020.378200 
10868551316609836.000000 1578628839934.468300 
10870129945449770.000000 1565181985046.381300 
10871695127434816.000000 1551853148567.943600 
10873246980583384.000000 1538641276339.845500 
10874785621859724.000000 1525545323743.617900 
10876311167183468.000000 1512564255614.421100 
10877823731439082.000000 1499697046154.634500 
10879323428485236.000000 1486942678848.244400 
10880810371164084.000000 1474300146376.021200 
10882284671310460.000000 1461768450531.475600 
10883746439760992.000000 1449346602137.592800 
10885195786363130.000000 1437033620964.329800 
10886632819984094.000000 1424828535646.876000 
10888057648519740.000000 1412730383604.665500 
10889470378903344.000000 1400738210961.135300 
10890871117114306.000000 1388851072464.221200 
10892259968186770.000000 1377068031407.589100 
10893637036218178.000000 1365388159552.589400 
10895002424377730.000000 1353810537050.930200 
10896356234914780.000000 1342334252368.064000 
10897698569167148.000000 1330958402207.277800 
10899029527569356.000000 1319682091434.483200 
10900349209660790.000000 1308504433003.699500 
10901657714093794.000000 1297424547883.221700 
10902955138641678.000000 1286441564982.469000 
10904241580206660.000000 1275554621079.505600 
10905517134827740.000000 1264762860749.229500 
10906781897688490.000000 1254065436292.222200 
10908035963124782.000000 1243461507664.252700 
10909279424632446.000000 1232950242406.430400 
10910512374874852.000000 1222530815576.001200 
10911734905690428.000000 1212202409677.780300 
10912947108100106.000000 1201964214596.214100 
10914149072314702.000000 1191815427528.070100 
10915340887742230.000000 1181755252915.743700 
10916522642995146.000000 1171782902381.180200 
10917694425897528.000000 1161897594660.402800 
10918856323492188.000000 1152098555538.643800 
10920008422047726.000000 1142385017786.072800 
10921150807065512.000000 1132756221094.116200 
10922283563286606.000000 1123211412012.359600 
10923406774698618.000000 1113749843886.034900 
10924520524542504.000000 1104370776794.077600 
10925624895319298.000000 1095073477487.758200 
10926719968796786.000000 1085857219329.872300 
10927805826016116.000000 1076721282234.496100 
10928882547298350.000000 1067664952607.290200 
10929950212250958.000000 1058687523286.355000 
10931008899774244.000000 1049788293483.629600 
10932058688067728.000000 1040966568726.828000 
10933099654636454.000000 1032221660801.910300 
10934131876297256.000000 1023552887696.082000 
10935155429184952.000000 1014959573541.316200 
10936170388758494.000000 1006441048558.396600 
10937176829807052.000000 997996649001.473510 
10938174826456054.000000 989625717103.128420 
10939164452173158.000000 981327601019.945800 
10940145779774178.000000 973101654778.581790 
10941118881428956.000000 964947238222.330080 
10942083828667178.000000 956863716958.179080 
10943040692384136.000000 948850462304.354000 
10943989542846440.000000 940906851238.340450 
10944930449697678.000000 933032266345.387570 
10945863481964024.000000 925226095767.481450 
10946788708059792.000000 917487733152.788450 
10947706195792944.000000 909816577605.562990 
10948616012370550.000000 902212033636.514040 
10949518224404186.000000 894673511113.627810 
10950412897915300.000000 887200425213.442630 
10951300098340514.000000 879792196372.769780 
10952179890536886.000000 872448250240.858640 
10953052338787126.000000 865168017631.999630 
10953917506804758.000000 857950934478.563230 
10954775457739236.000000 850796441784.469480 
10955626254181020.000000 843703985579.084230 
10956469958166600.000000 836673016871.538940 
10957306631183472.000000 829702991605.469240 
10958136334175078.000000 822793370614.168210 
10958959127545692.000000 815943619576.152590 
10959775071165268.000000 809153208971.135130 
10960584224374240.000000 802421614036.401000 
10961386645988276.000000 795748314723.585080 
10962182394303000.000000 789132795655.845460 
10962971527098656.000000 782574546085.428100 
10963754101644742.000000 776073059851.623410 
10964530174704594.000000 769627835339.106320 
10965299802539934.000000 763238375436.658200 
10966063040915370.000000 756904187496.269040 
10966819945102866.000000 750624783292.612550 
10967570569886158.000000 744399678982.894040 
10968314969565140.000000 738228395067.065920 
10969053197960208.000000 732110456348.407590 
10969785308416556.000000 726045391894.467410 
10970511353808450.000000 720032734998.361450 
10971231386543448.000000 714072023140.428340 
10971945458566588.000000 708162797950.234500 
10972653621364538.000000 702304605168.927000 
10973355925969706.000000 696496994611.933350 
10974052422964318.000000 690739520132.001100 
10974743162484450.000000 685031739582.576420 
10975428194224032.000000 679373214781.519170 
10976107567438814.000000 673763511475.148930 
10976781330950290.000000 668202199302.621580 
10977449533149592.000000 662688851760.631230 
10978112222001352.000000 657223046168.435910 
10978769445047520.000000 651804363633.203250 
10979421249411154.000000 646432389015.674190 
10980067681800170.000000 641106710896.139400 
10980708788511066.000000 635826921540.729490 
10981344615432606.000000 630592616868.012330 
10981975208049474.000000 625403396415.896120 
10982600611445890.000000 620258863308.836180 
10983220870309198.000000 615158624225.341430 
10983836028933424.000000 610102289365.778440 
10984446131222790.000000 605089472420.470340 
10985051220695210.000000 600119790538.086670 
10985651340485748.000000 595192864294.324340 
10986246533350042.000000 590308317660.872800 
10986836841667702.000000 585465777974.665770 
10987422307445676.000000 580664875907.411990 
10988002972321584.000000 575905245435.406010 
10988578877567020.000000 571186523809.614990 
10989150064090830.000000 566508351526.039060 
10989716572442356.000000 561870372296.342160 
10990278442814652.000000 557272233018.752560 
10990835715047670.000000 552713583749.229000 
10991388428631420.000000 548194077672.890140 
10991936622709092.000000 543713371075.706050 
10992480336080168.000000 539271123316.448000 
10993019607203484.000000 534866996798.894530 
10993554474200282.000000 530500656944.292850 
10994084974857226.000000 526171772164.070190 
10994611146629390.000000 521880013832.796080 
10995133026643222.000000 517625056261.391110 
10995650651699484.000000 513406576670.580630 
10996164058276154.000000 509224255164.591430 
10996673282531318.000000 505077774705.088200 
10997178360306024.000000 500966821085.348750 
10997679327127110.000000 496891082904.675110 
10998176218210014.000000 492850251543.037960 
10998669068461558.000000 488844021135.953310 
10999157912482694.000000 484872088549.588750 
10999642784571244.000000 480934153356.096250 
11000123718724600.000000 477029917809.171630 
11000600748642410.000000 473159086819.836490 
11001073907729230.000000 469321367932.440920 
11001543229097162.000000 465516471300.886470 
11002008745568462.000000 461744109665.065670 
11002470489678128.000000 458003998327.516480 
11002928493676456.000000 454295855130.290710 
11003382789531586.000000 450619400432.032900 
11003833408932018.000000 446974357085.268490 
11004280383289104.000000 443360450413.900570 
11004723743739518.000000 439777408190.909910 
11005163521147708.000000 436224960616.260990 
11005599746108324.000000 432702840295.007870 
11006032448948620.000000 429210782215.600650 
11006461659730836.000000 425748523728.390260 
11006887408254564.000000 422315804524.328670 
11007309724059088.000000 418912366613.863830 
11007728636425702.000000 415537954306.027830 
11008144174380008.000000 412192314187.714780 
11008556366694196.000000 408875195103.148500 
11008965241889300.000000 405586348133.537540 
11009370828237434.000000 402325526576.915410 
11009773153764010.000000 399092485928.165280 
11010172246249938.000000 395886983859.226620 
11010568133233798.000000 392708780199.482240 
11010960842013998.000000 389557636916.324520 
11011350399650914.000000 386433318095.898860 
11011736832969010.000000 383335589924.022770 
11012120168558934.000000 380264220667.278870 
11012500432779602.000000 377218980654.280210 
11012877651760256.000000 374199642257.107120 
11013251851402514.000000 371205979872.912540 
11013623057382386.000000 368237769905.695070 
11013991295152292.000000 365294790748.239380 
11014356589943040.000000 362376822764.219790 
11014718966765804.000000 359483648270.467710 
11015078450414074.000000 356615051519.401120 
11015435065465594.000000 353770818681.613400 
11015788836284276.000000 350950737828.621640 
11016139787022104.000000 348154598915.771670 
11016487941621020.000000 345382193765.299010 
11016833323814786.000000 342633316049.544800 
11017175957130836.000000 339907761274.323790 
11017515864892110.000000 337205326762.444460 
11017853070218872.000000 334525811637.379390 
11018187596030510.000000 331869016807.084050 
11018519465047318.000000 329234744947.963560 
11018848699792266.000000 326622800488.984990 
11019175322592754.000000 324032989595.935000 
11019499355582350.000000 321465120155.820430 
11019820820702506.000000 318919001761.411250 
11020139739704268.000000 316394445695.924500 
11020456134149964.000000 313891264917.847410 
11020770025414882.000000 311409274045.899050 
11021081434688928.000000 308948289344.128970 
11021390382978272.000000 306508128707.151430 
11021696891106980.000000 304088611645.514160 
11022000979718626.000000 301689559271.200740 
11022302669277898.000000 299310794283.264530 
11022601980072182.000000 296952140953.593870 
11022898932213136.000000 294613425112.806640 
11023193545638248.000000 292294474136.273440 
11023485840112384.000000 289995116930.268250 
11023775835229314.000000 287715183918.244870 
11024063550413232.000000 285454507027.238530 
11024349004920260.000000 283212919674.391300 
11024632217839934.000000 280990256753.600590 
11024913208096688.000000 278786354622.288270 
11025191994451310.000000 276601051088.291630 
11025468595502398.000000 274434185396.872340 
11025743029687794.000000 272285598217.845120 
11026015315286012.000000 270155131632.822390 
11026285470417644.000000 268042629122.575530 
11026553513046766.000000 265947935554.511750 
11026819460982320.000000 263870897170.264130 
11027083331879490.000000 261811361573.395200 
11027345143241064.000000 259769177717.212550 
11027604912418782.000000 257744195892.695040 
11027862656614674.000000 255736267716.529170 
11028118392882390.000000 253745246119.254460 
11028372138128510.000000 251770985333.516540 
11028623909113844.000000 249813340882.427610 
11028873722454726.000000 247872169568.032560 
11029121594624294.000000 245947329459.879970 
11029367541953754.000000 244038679883.697940 
11029611580633638.000000 242146081410.172240 
11029853726715048.000000 240269395843.826900 
11030093996110892.000000 238408486212.006590 
11030332404597104.000000 236563216753.958370 
11030568967813858.000000 234733452910.013820 
11030803701266768.000000 232919061310.869200 
11031036620328078.000000 231119909766.963230 
11031267740237844.000000 229335867257.951930 
11031497076105102.000000 227566803922.279210 
11031724642909024.000000 225812591046.842070 
11031950455500070.000000 224073101056.750730 
11032174528601126.000000 222348207505.181430 
11032396876808632.000000 220637785063.321810 
11032617514593696.000000 218941709510.408170 
11032836456303206.000000 217259857723.853120 
11033053716160930.000000 215592107669.463530 
11033269308268600.000000 213938338391.747440 
11033483246606992.000000 212298430004.309270 
11033695545036996.000000 210672263680.332790 
11033906217300676.000000 209059721643.150790 
11034115277022320.000000 207460687156.900300 
11034322737709476.000000 205875044517.263790 
11034528612753994.000000 204302679042.294010 
11034732915433036.000000 202743477063.323030 
11034935658910100.000000 201197325915.953950 
11035136856236016.000000 199664113931.134740 
11035336520349948.000000 198143730426.313750 
11035534664080374.000000 196636065696.675600 
11035731300146070.000000 195141011006.457120 
11035926441157076.000000 193658458580.342740 
11036120099615656.000000 192188301594.938260 
11036312287917250.000000 190730434170.322170 
11036503018351420.000000 189284751361.674740 
11036692303102782.000000 187851149150.982880 
11036880154251932.000000 186429524438.821140 
11037066583776370.000000 185019775036.207730 
11037251603551406.000000 183621799656.534730 
11037435225351062.000000 182235497907.572330 
11037617460848970.000000 180860770283.545930 
11037798321619254.000000 179497518157.285640 
11037977819137412.000000 178145643772.447750 
11038155964781184.000000 176805050235.807190 
11038332769831420.000000 175475641509.620270 
11038508245472930.000000 174157322404.057830 
11038682402795334.000000 172849998569.707090 
11038855252793904.000000 171553576490.142490 
11039026806370394.000000 170267963474.564120 
11039197074333868.000000 168993067650.504210 
11039366067401518.000000 167728797956.599820 
11039533796199474.000000 166475064135.432010 
11039700271263610.000000 165231776726.430570 
11039865503040336.000000 163998847058.843960 
11040029501887394.000000 162776187244.773500 
11040192278074638.000000 161563710172.271580 
11040353841784810.000000 160361329498.503170 
11040514203114308.000000 159168959642.970180 
11040673372073950.000000 157986515780.797910 
11040831358589730.000000 156813913836.083220 
11040988172503566.000000 155651070475.304050 
11041143823574042.000000 154497903100.789060 
11041298321477142.000000 153354329844.247920 
11041451675806986.000000 152220269560.360530 
11041603896076546.000000 151095641820.425750 
11041754991718366.000000 149980366906.068450 
11041904972085272.000000 148874365803.004430 
11042053846451076.000000 147777560194.862880 
11042201624011270.000000 146689872457.066040 
11042348313883728.000000 145611225650.764980 
11042493925109378.000000 144541543516.831700 
11042638466652894.000000 143480750469.906430 
11042781947403364.000000 142428771592.500240 
11042924376174956.000000 141385532629.152100 
11043065761707586.000000 140350959980.639830 
11043206112667566.000000 139324980698.244930 
11043345437648264.000000 138307522478.070530 
11043483745170742.000000 137298513655.411820 
11043621043684398.000000 136297883199.178920 
11043757341567598.000000 135305560706.371540 
11043892647128304.000000 134321476396.604840 
11044026968604700.000000 133345561106.686390 
11044160314165806.000000 132377746285.243450 
11044292691912092.000000 131417963987.400450 
11044424109876080.000000 130466146869.506010 
11044554576022950.000000 129522228183.909130 
11044684098251134.000000 128586141773.784350 
11044812684392908.000000 127657822068.005020 
11044940342214976.000000 126737204076.064880 
11045067079419052.000000 125824223383.046920 
11045192903642436.000000 124918816144.639590 
11045317822458580.000000 124020919082.199780 
11045441843377662.000000 123130469477.862120 
11045564973847140.000000 122247405169.694440 
11045687221252310.000000 121371664546.898640 
11045808592916856.000000 120503186545.057080 
11045929096103402.000000 119641910641.423740 
11046048738014044.000000 118787776850.259830 
11046167525790894.000000 117940725718.213700 
11046285466516612.000000 117100698319.744510 
11046402567214932.000000 116267636252.589280 
11046518834851184.000000 115441481633.273150 
11046634276332818.000000 114622177092.662350 
11046748898509910.000000 113809665771.559570 
11046862708175682.000000 113003891316.341420 
11046975712066998.000000 112204797874.637660 
11047087916864872.000000 111412330091.051820 
11047199329194964.000000 110626433102.922970 
11047309955628066.000000 109847052536.128170 
11047419802680602.000000 109074134500.925430 
11047528876815102.000000 108307625587.836880 
11047637184440690.000000 107547472863.571670 
11047744731913554.000000 106793623866.988510 
11047851525537420.000000 106046026605.097340 
11047957571564026.000000 105304629549.099980 
11048062876193576.000000 104569381630.469590 
11048167445575206.000000 103840232237.068190 
11048271285807444.000000 103117131209.302520 
11048374402938654.000000 102400028836.317610 
11048476802967490.000000 101688875852.227860 
11048578491843342.000000 100983623432.385390 
11048679475466774.000000 100284223189.685420 
11048779759689964.000000 99590627170.908371 
11048879350317134.000000 98902787853.098389 
11048978253104988.000000 98220658139.978165 
11049076473763128.000000 97544191358.399582 
11049174017954486.000000 96873341254.830414 
11049270891295740.000000 96208061991.876007 
11049367099357732.000000 95548308144.836685 
11049462647665876.000000 94894034698.299973 
11049557541700574.000000 94245197042.767456 
11049651786897616.000000 93601750971.316513 
11049745388648588.000000 92963652676.296173 
11049838352301264.000000 92330858746.057190 
11049930683160010.000000 91703326161.715942 
11050022386486172.000000 91081012293.952194 
11050113467498466.000000 90463874899.840256 
11050203931373366.000000 89851872119.713455 
11050293783245486.000000 89244962474.061813 
11050383028207960.000000 88643104860.462540 
11050471671312820.000000 88046258550.543350 
11050559717571370.000000 87454383186.978363 
11050647171954556.000000 86867438780.516296 
11050734039393336.000000 86285385707.040970 
11050820324779044.000000 85708184704.663879 
11050906032963748.000000 85135796870.848557 
11050991168760618.000000 84568183659.566803 
11051075736944278.000000 84005306878.486420 
11051159742251156.000000 83447128686.190430 
11051243189379842.000000 82893611589.427551 
11051326082991432.000000 82344718440.393982 
11051408427709872.000000 81800412434.045959 
11051490228122306.000000 81260657105.443527 
11051571488779412.000000 80725416327.124863 
11051652214195740.000000 80194654306.511414 
11051732408850046.000000 79668335583.343567 
11051812077185630.000000 79146425027.146759 
11051891223610658.000000 78628887834.727982 
11051969852498492.000000 78115689527.702560 
11052047968188020.000000 77606795950.051071 
11052125574983970.000000 77102173265.706421 
11052202677157236.000000 76601787956.171005 
11052279278945192.000000 76105606818.163666 
11052355384552010.000000 75613596961.296692 
11052430998148972.000000 75125725805.782623 
11052506123874778.000000 74641961080.170883 
11052580765835858.000000 74162270819.114090 
11052654928106678.000000 73686623361.164093 
11052728614730040.000000 73214987346.597839 
11052801829717386.000000 72747331715.272690 
11052874577049102.000000 72283625704.511536 
11052946860674806.000000 71823838847.017502 
11053018684513654.000000 71367940968.818344 
11053090052454622.000000 70915902187.240417 
11053160968356810.000000 70467692908.912323 
11053231436049718.000000 70023283827.798340 
11053301459333546.000000 69582645923.261490 
11053371041979470.000000 69145750458.156357 
11053440187729928.000000 68712568976.951736 
11053508900298904.000000 68283073303.883209 
11053577183372208.000000 67857235541.135521 
11053645040607750.000000 67435028067.055145 
11053712475635818.000000 67016423534.392754 
11053779492059352.000000 66601394868.576004 
11053846093454220.000000 66189915266.012642 
11053912283369486.000000 65781958192.423897 
11053978065327678.000000 65377497381.208488 
11054043442825060.000000 64976506831.837341 
11054108419331892.000000 64578960808.279144 
11054172998292700.000000 64184833837.456711 
11054237183126538.000000 63794100707.734764 
11054300977227246.000000 63406736467.438911 
11054364383963714.000000 63022716423.406143 
11054427406680138.000000 62642016139.567215 
11054490048696278.000000 62264611435.560844 
11054552313307714.000000 61890478385.380310 
11054614203786100.000000 61519593316.052330 
11054675723379416.000000 61151932806.348854 
11054736875312222.000000 60787473685.531715 
11054797662785908.000000 60426193032.130768 
11054858088978940.000000 60068068172.755516 
11054918157047112.000000 59713076680.940781 
11054977870123792.000000 59361196376.026665 
11055037231320168.000000 59012405322.073273 
11055096243725490.000000 58666681826.810349 
11055154910407316.000000 58324004440.622520 
11055213234411756.000000 57984351955.570427 
11055271218763712.000000 57647703404.448166 
11055328866467116.000000 57314038059.877541 
11055386180505176.000000 56983335433.439667 
11055443163840610.000000 56655575274.844337 
11055499819415884.000000 56330737571.137840 
11055556150153456.000000 56008802545.949532 
11055612158956002.000000 55689750658.778053 
11055667848706660.000000 55373562604.317657 
11055723222269264.000000 55060219311.825172 
11055778282488576.000000 54749701944.528542 
11055833032190520.000000 54441991899.077347 
11055887474182420.000000 54137070805.036346 
11055941611253226.000000 53834920524.422447 
11055995446173750.000000 53535523151.286201 
11056048981696902.000000 53238861011.338577 
11056102220557914.000000 52944916661.623703 
11056155165474576.000000 52653672890.238686 
11056207819147466.000000 52365112716.101456 
11056260184260182.000000 52079219388.767365 
11056312263479570.000000 51795976388.295868 
11056364059455958.000000 51515367425.168159 
11056415574823384.000000 51237376440.256996 
11056466812199824.000000 50961987604.849701 
11056517774187428.000000 50689185320.725708 
11056568463372748.000000 50418954220.289909 
11056618882326968.000000 50151279166.762993 
11056669033606134.000000 49886145254.430183 
11056718919751388.000000 49623537808.949890 
11056768543289196.000000 49363442387.723701 
11056817906731584.000000 49105844780.329170 
11056867012576364.000000 48850731009.017174 
11056915863307374.000000 48598087329.275398 
11056964461394704.000000 48347900230.459808 
11057012809294934.000000 48100156436.495750 
11057060909451370.000000 47854842906.650833 
11057108764294276.000000 47611946836.381363 
11057156376241112.000000 47371455658.254524 
11057203747696770.000000 47133357042.948418 
11057250881053812.000000 46897638900.332161 
11057297778692712.000000 46664289380.628502 
11057344442982092.000000 46433296875.661308 
11057390876278968.000000 46204650020.190536 
11057437080928988.000000 45978337693.337242 
11057483059266682.000000 45754349020.101570 
11057528813615702.000000 45532673372.976501 
11057574346289074.000000 45313300373.660362 
11057619659589448.000000 45096219894.871368 
11057664755809342.000000 44881422062.267418 
11057709637231404.000000 44668897256.474518 
11057754306128660.000000 44458636115.227638 
11057798764764776.000000 44250629535.627457 
11057843015394312.000000 44044868676.517174 
11057887060262988.000000 43841344960.983315 
11057930901607948.000000 43640050078.984886 
11057974541658026.000000 43440975990.115364 
11058017982634016.000000 43244114926.502045 
11058061226748942.000000 43049459395.847878 
11058104276208338.000000 42857002184.620613 
11058147133210522.000000 42666736361.394905 
11058189799946884.000000 42478655280.352638 
11058232278602164.000000 42292752584.947556 
11058274571354748.000000 42109022211.740242 
11058316680376960.000000 41927458394.409828 
11058358607835354.000000 41748055667.949089 
11058400355891022.000000 41570808873.050087 
11058441926699896.000000 41395713160.687569 
11058483322413056.000000 41222763996.907906 
11058524545177052.000000 41051957167.831558 
11058565597134220.000000 40883288784.877655 
11058606480423004.000000 40716755290.219460 
11058647197178294.000000 40552353462.479980 
11058687749531756.000000 40390080422.677650 
11058728139612178.000000 40229933640.432076 
11058768369545818.000000 40071910940.440857 
11058808441456758.000000 39916010509.238495 
11058848357467268.000000 39762230902.249458 
11058888119698170.000000 39610571051.147675 
11058927730269222.000000 39461030271.535583 
11058967191299494.000000 39313608270.956512 
11059006504907764.000000 39168305157.254730 
11059045673212922.000000 39025121447.298439 
11059084698334370.000000 38884058076.081627 
11059123582392446.000000 38745116406.221581 
11059162327508852.000000 38608298237.869766 
11059200935807090.000000 38473605819.054687 
11059239409412910.000000 38341041856.476280 
11059277750454766.000000 38210609526.772644 
11059315961064292.000000 38082312488.280655 
11059354043376780.000000 37956154893.313652 
11059391999531674.000000 37832141400.980194 
11059429831673074.000000 37710277190.569633 
11059467541950264.000000 37590567975.531174 
11059505132518240.000000 37473020018.075195 
11059542605538258.000000 37357640144.426559 
11059579963178402.000000 37244435760.761917 
11059617207614162.000000 37133414869.864304 
11059654341029032.000000 37024586088.530731 
11059691365615120.000000 36917958665.770088 
11059728283573786.000000 36813542501.831123 
11059765097116288.000000 36711348168.102539 
11059801808464456.000000 36611386927.929558 
11059838419851384.000000 36513670758.394272 
11059874933522142.000000 36418212373.109482 
11059911351734516.000000 36325025246.079155 
11059947676759762.000000 36234123636.681557 
11059983910883398.000000 36145522615.834686 
11060020056406014.000000 36059238093.407181 
11060056115644108.000000 35975286846.942017 
11060092090930954.000000 35893686551.764252 
11060127984617506.000000 35814455812.548737 
11060163799073318.000000 35737614196.428558 
11060199536687514.000000 35663182267.729889 
11060235199869782.000000 35591181624.424950 
11060270791051406.000000 35521634936.400078 
11060306312686342.000000 35454565985.643028 
11060341767252328.000000 35389999708.459724 
11060377157252036.000000 35327962239.838730 
11060412485214276.000000 35268480960.089203 
11060447753695236.000000 35211584543.886780 
11060482965279780.000000 35157303011.871101 
11060518122582792.000000 35105667784.948395 
11060553228250576.000000 35056711741.463516 
11060588284962318.000000 35010469277.416939 
11060623295431596.000000 34966976369.915237 
11060658262407966.000000 34926270644.056236 
11060693188678610.000000 34888391443.465485 
11060728077070054.000000 34853379904.715446 
11060762930449958.000000 34821279035.876732 
11060797751728994.000000 34792133799.468338 
11060832543862794.000000 34765991200.094460 
11060867309853994.000000 34742900377.076721 
11060902052754372.000000 34722912702.414330 
11060936775667074.000000 34706081884.430428 
11060971481748958.000000 34692464077.490265 
11061006174213036.000000 34682117998.207619 
11061040856331034.000000 34675105048.588364 
11061075531436082.000000 34671489446.596336 
11061110202925528.000000 34671338364.665604 
11061144874263892.000000 34674722076.726288 
11061179548985968.000000 34681714114.357414 
11061214230700082.000000 34692391432.731926 
11061248923091514.000000 34706834587.074402 
11061283629926102.000000 34725127920.413857 
11061318355054022.000000 34747359763.480858 
11061353102413786.000000 34773622647.672226 
11061387876036434.000000 34804013532.087746 
11061422680049966.000000 34838634045.732292 
11061457518684012.000000 34877590746.075439 
11061492396274758.000000 34920995395.268494 
11061527317270154.000000 34968965255.438728 
11061562286235410.000000 35021623404.612381 
11061597307858814.000000 35079099074.964050 
11061632386957888.000000 35141528015.251671 
11061667528485904.000000 35209052879.475418 
11061702737538784.000000 35281823643.997543 
11061738019362428.000000 35359998055.581100 
11061773379360484.000000 35443742113.051125 
11061808823102598.000000 35533230585.555367 
11061844356333184.000000 35628647570.707153 
11061879984980754.000000 35730187096.233383 
11061915715167850.000000 35838053769.132202 
11061951553221620.000000 35952463476.771606 
11061987505685096.000000 36073644144.839027 
11062023579329240.000000 36201836557.589867 
11062059781165798.000000 36337295246.447662 
11062096118461044.000000 36480289453.690315 
11062132598750498.000000 36631104178.726128 
11062169229854676.000000 36790041315.332466 
11062206019895992.000000 36957420889.214638 
11062242977316882.000000 37133582406.359070 
11062280110899288.000000 37318886323.923569 
11062317429785612.000000 37513715656.851822 
11062354943501268.000000 37718477735.046532 
11062392661979004.000000 37933606127.818184 
11062430595585132.000000 38159562754.481651 
11062468755147886.000000 38396840202.446625 
11062507151988088.000000 38645964276.991379 
11062545797952364.000000 38907496810.187431 
11062584705449174.000000 39182038760.228111 
11062623887487934.000000 39470233636.797409 
11062663357721570.000000 39772771293.202179 
11062703130492864.000000 40090392131.909729 
11062743220884996.000000 40423891777.037170 
11062783644776774.000000 40774126275.414703 
11062824418903050.000000 41142017897.317612 
11062865560920948.000000 41528561619.104485 
11062907089482568.000000 41934832383.145561 
11062949024314952.000000 42361993245.984680 
11062991386308198.000000 42811304544.151917 
11063034197612742.000000 43284134229.052521 
11063077481746972.000000 43781969548.667755 
11063121263716520.000000 44306430285.370499 
11063165570146806.000000 44859283797.176315 
11063210429430604.000000 45442462155.717575 
11063255871892760.000000 46058081730.035378 
11063301929974490.000000 46708465633.328072 
11063348638440124.000000 47396169533.133667 
11063396034609658.000000 48124011427.971161 
11063444158621086.000000 48895106120.275131 
11063493053727206.000000 49712905273.075531 
11063542766632480.000000 50581244134.850700 
11063593347876614.000000 51504396264.544830 
11063644852272878.000000 52487137901.754089 
11063697339410780.000000 53534824025.353477 
11063750874234806.000000 54653478653.966400 
11063805527713460.000000 55849902599.705269 
11063861377616060.000000 57131802741.762436 
11063918509418802.000000 58507948006.578346 
11063977017366808.000000 59988358720.955116 
11064037005725528.000000 61584537976.552124 
11064098590263504.000000 63309756297.775314 
11064161900019802.000000 65179404512.288971 
11064227079424314.000000 67211434680.873024 
11064294290858994.000000 69426915837.099564 
11064363717774832.000000 71850740995.702347 
11064435568515828.000000 74512535749.120926 
11064510081051578.000000 77447838856.154846 
11064587528890434.000000 80699654803.240768 
11064668228545238.000000 84320522648.362549 
11064752549067886.000000 88375313196.226746 
11064840924381082.000000 92945072292.431305 
11064933869453374.000000 98132397024.893600 
11065032001850398.000000 104069108930.652010 
11065136070959328.000000 110927456964.495560 
11065246998416292.000000 118936901878.343170 
11065365935318170.000000 128410019937.219650 
11065494345338108.000000 139783882075.568570 
11065634129220184.000000 153688887503.728670 
11065787818107688.000000 171068945506.750240 
11065958887053194.000000 193404038981.888000 
11066152291092176.000000 223153762035.712010 
11066375444854212.000000 264728547853.149960 
11066640173402066.000000 326902187447.985470 
11066967075589514.000000 429980956842.154850 
11067397056546356.000000 634025818156.874510 
11068031082364512.000000 1229402048541.777600 
11069260484413054.000000 29418115192244.594000 
11098678599605298.000000 -1313634243525.443600 
