12500000.000000 1717330.725786 
14217330.725786 2275485.904126 
16492816.629913 2939859.485313 
19432676.115226 3746118.264123 
23178794.379349 4735421.877759 
27914216.257108 5956504.904895 
33870721.162003 7467935.659000 
41338656.821003 9340609.722752 
50679266.543756 11660578.871542 
62339845.415297 14532318.129660 
76872163.544958 18082532.929514 
94954696.474471 22464611.221971 
117419307.696442 27863832.070156 
145283139.766598 34503451.952820 
179786591.719419 42651802.025879 
222438393.745297 52630543.491490 
275068937.236787 64824243.723984 
339893180.960771 79691452.726003 
419584633.686774 97777477.717956 
517362111.404730 119729073.107290 
637091184.512020 146311283.657536 
783402468.169557 178426700.293003 
961829168.462559 217137410.536208 
1178966578.998768 263689948.967896 
1442656527.966664 319543577.193108 
1762200105.159772 386402247.439452 
2148602352.599224 466250628.931665 
2614852981.530890 561394601.384688 
3176247582.915578 674506645.116663 
3850754228.032241 808676582.162741 
4659430810.194983 967468147.107006 
5626898957.301989 1154981889.858638 
6781880847.160626 1375924934.977469 
8157805782.138096 1635688143.076399 
9793493925.214495 1940431238.963228 
11733925164.177723 2297176488.173693 
14031101652.351416 2713911518.031858 
16745013170.383274 3199701890.984398 
19944715061.367672 3764814046.318234 
23709529107.685905 4420849231.110447 
28130378338.796352 5180889042.002327 
33311267380.798679 6059653195.794849 
39370920576.593529 7073670138.535790 
46444590715.129318 8241461089.439156 
54686051804.568474 9583738097.274422 
64269789901.842896 11123616662.541428 
75393406564.384323 12886843448.535019 
88280250012.919342 14902039568.091110 
103182289581.010450 17200959890.200226 
120383249471.210680 19818768761.649826 
140202018232.860500 22794332483.342499 
162996350716.203000 26170528818.833191 
189166879535.036190 29994573744.003265 
219161453279.039460 34318365571.793182 
253479818850.832640 39198846504.325806 
292678665355.158450 44698381577.437073 
337377046932.595520 50885154868.910828 
388262201801.506350 57833582742.902649 
446095784544.409000 65624743798.600952 
511720528343.009950 74346825082.263611 
586067353425.273560 84095584008.284546 
670162937433.558110 94974825318.097412 
765137762751.655520 107096892285.107300 
872234655036.762820 120583171251.520260 
992817826288.283080 135564608458.101440 
1128382434746.384500 152182238002.393310 
1280564672748.777800 170587719634.955570 
1451152392383.733400 190943884977.917970 
1642096277361.651400 213425290626.094970 
1855521567987.746300 238218776468.558110 
2093740344456.304400 265524027450.913820 
2359264371907.218300 295554136882.225590 
2654818508789.443800 328536169281.638670 
2983354678071.082500 364711720654.839840 
3348066398725.922400 404337473992.594730 
3752403872718.517100 447685747693.213870 
4200089620411.731000 495045034528.373540 
4695134654940.104500 546720528697.899410 
5241855183638.003900 603034638455.952150 
5844889822093.956100 664327481736.539060 
6509217303830.495100 730957362163.698240 
7240174665994.193400 803301222802.247070 
8043475888796.440400 881755074981.530270 
8925230963777.970700 966734399523.912110 
9891965363301.882800 1058674517707.896500 
10950639881009.779000 1158030929323.474600 
12108670810333.254000 1265279615200.414100 
13373950425533.668000 1380917301642.921900 
14754867727176.590000 1505461684258.904300 
16260329411435.494000 1639451608744.017600 
17899781020179.512000 1783447206270.523400 
19683228226450.035000 1938029981222.515600 
21621258207672.551000 2103802849134.984400 
23725061056807.535000 2281390122817.382800 
26006451179624.918000 2471437444773.894500 
28477888624398.812000 2674611664184.359400 
31152500288583.172000 2891600656861.675800 
34044100945444.848000 3123113086775.668000 
37167214032220.516000 3369878107901.046900 
40537092140121.562000 3632645005340.484400 
44169737145462.047000 3912182774868.554700 
48081919920330.602000 4209279640229.570300 
52291199560560.172000 4524742507741.281200 
56815942068301.453000 4859396357965.523400 
61675338426266.977000 5214083574416.960900 
66889422000683.937000 5589663209494.718700 
72479085210178.656000 5987010188067.734400 
78466095398246.391000 6407014449321.703100 
84873109847568.094000 6850580027741.437500 
91723689875309.531000 7318624074294.234400 
99042313949603.766000 7812075819101.687500 
106854389768705.450000 8331875477117.453100 
115186265245822.910000 8878973098513.109400 
124065238344336.020000 9454327365703.343700 
133519565710039.360000 10058904339133.234000 
143578470049172.590000 10693676154135.500000 
154272146203308.090000 11359619671351.062000 
165631765874659.160000 12057715083408.969000 
177689480958068.120000 12788944480682.875000 
190478425438751.000000 13554290379139.812000 
204032715817890.810000 14354734213411.719000 
218387450031302.530000 15191254798395.469000 
233578704829698.000000 16064826762751.906000 
249643531592449.910000 16976418957840.531000 
266619950550290.440000 17926992845705.937000 
284546943395996.370000 18917500869807.687000 
303464444265804.060000 19948884812250.625000 
323413329078054.690000 21022074141385.625000 
344435403219440.310000 22137984353635.125000 
366573387573075.440000 23297515313426.375000 
389870902886501.810000 24501549595222.937000 
414372452481724.750000 25750950831540.562000 
440123403313265.310000 27046562070869.750000 
467169965384135.060000 28389204149458.312000 
495559169533593.370000 29779674080747.437000 
525338843614340.810000 31218743466379.187000 
556557587080720.000000 32707156932422.375000 
589264744013142.370000 34245630594620.125000 
623510374607762.500000 35834850556216.250000 
659345225163978.750000 37475471441821.500000 
696820696605800.250000 39168114970876.375000 
735988811576676.620000 40913368573835.375000 
776902180150512.000000 42711784054388.000000 
819613964204900.000000 44563876300610.875000 
864177840505510.870000 46470122048192.000000 
910647962553702.870000 48430958698069.375000 
959078921251772.250000 50446783191590.750000 
1009525704443363.000000 52517950945212.250000 
1062043655388575.200000 54644774847133.000000 
1116688430235708.200000 56827524318106.500000 
1173515954553814.700000 59066424438156.500000 
1232582378991971.200000 61361655140937.750000 
1293944034132909.000000 63713350477502.500000 
1357657384610411.500000 66121597950596.500000 
1423778982561008.000000 68586437920878.250000 
1492365420481886.200000 71107863085885.000000 
1563473283567771.200000 73685818032749.000000 
1637159101600520.300000 76320198865064.000000 
1713479300465584.200000 79010852904624.000000 
1792490153370208.300000 81757578468075.750000 
1874247731838284.000000 84560124718639.500000 
1958807856556923.500000 87418191592821.000000 
2046226048149744.500000 90331429801892.000000 
2136557477951636.500000 93299440907495.750000 
2229856918859132.200000 96321777471154.750000 
2326178696330287.000000 99397943276418.500000 
2425576639606705.500000 102527393623162.500000 
2528104033229868.000000 105709535692782.000000 
2633813568922650.000000 108943728982962.000000 
2742757297905612.000000 112229285810902.500000 
2854986583716514.500000 115565471883340.000000 
2970552055599854.500000 118951506931731.000000 
3089503562531585.500000 122386565411121.500000 
3211890127942707.000000 125869777260305.500000 
3337759905203012.500000 129400228722200.000000 
3467160133925212.500000 132976963221327.000000 
3600137097146539.500000 136598982297268.000000 
3736736079443807.500000 140265246591012.500000 
3877001326034820.000000 143974676882640.500000 
4020976002917460.500000 147726155177465.000000 
4168702158094925.500000 151518525838450.500000 
4320220683933376.000000 155350596762302.000000 
4475571280695678.000000 159221140596827.000000 
4634792421292505.000000 163128895996899.000000 
4797921317289404.000000 167072568916776.000000 
4964993886206180.000000 171050833935181.000000 
5136044720141361.000000 175062335612178.000000 
5311107055753539.000000 179105689873352.000000 
5490212745626891.000000 183179485420014.000000 
5673392231046905.000000 187282285162121.000000 
5860674516209026.000000 191412627671823.000000 
6052087143880849.000000 195569028653612.000000 
6247656172534461.000000 199749982431267.000000 
6447406154965728.000000 203953963445299.000000 
6651360118411027.000000 208179427761895.000000 
6859539546172922.000000 212424814588137.000000 
7071964360761059.000000 216688547793540.000000 
7288652908554599.000000 220969037432217.000000 
7509621945986816.000000 225264681267077.000000 
7734886627253893.000000 229573866290637.000000 
7964460493544530.000000 233894970242002.000000 
8198355463786532.000000 238226363117062.000000 
8436581826903594.000000 242566408669835.000000 
8679148235573429.000000 246913465903165.000000 
8926061701476594.000000 251265890546252.000000 
9177327592022846.000000 255622036517830.000000 
